###################################################################################################
## NCHDA AA & SP algorithm

###################################################################################################


minor_and_excluded_algorithm <- c('123200','123206','123214','123217','123218','123221','123228','123229',
                                  '123240','123241','123243','123246','123253','123259','123270','123280',
                                  '123283','123290','123351','123352','123353','124000','124006','124013',
                                  '124029','124030','124099','124300','124325','126400','126408','126420',
                                  '126421','126440','126505','126506','126513','126514','126523','126545',
                                  '126548','126556','126560','126572','126582','126589','126600','126601',
                                  '126602','126605','126606','126607','128000','128701','128728','128736',
                                  '128737','128745','128753','130014','130015','130100','130102','130103',
                                  '130104')


procedures_valid_nchda <- c('120000','120002','120003','120017','120020','120021','120022','120023',
                            '120024','120025','120029','120030','120036','120039','120042','120043',
                            '120044','120050','120055','120078','120081','120083','120090','120091',
                            '120092','120100','120101','120102','120103','120106','120107','120108',
                            '120110','120122','120130','120131','120132','120141','120142','120143',
                            '120144','120147','120153','120157','120160','120180','120190','120198',
                            '120200','120202','120204','120209','120211','120222','120270','120277',
                            '120283','120300','120301','120303','120304','120310','120311','120319',
                            '120384','120397','120400','120401','120409','120418','120420','120433',
                            '120440','120445','120489','120501','120510','120511','120600','120605',
                            '120618','120619','120625','120626','120635','120638','120641','120643',
                            '120700','120701','120707','120711','120712','120713','120719','120726',
                            '120737','120738','120801','120802','120803','120806','120807','120816',
                            '120819','120820','120821','120822','120828','120835','120865','120901',
                            '120903','121000','121004','121005','121014','121100','121134','121141',
                            '121143','121201','121208','121300','121302','121305','121309','121312',
                            '121315','121321','121322','121351','121355','121381','121384','121385',
                            '121386','121401','121402','121403','121405','121408','121419','121420',
                            '121421','121422','121430','121431','121503','121504','121505','121506',
                            '121511','121513','121514','121524','121525','121548','121549','121550',
                            '121553','121580','121581','121600','121602','121604','121605','121611',
                            '121614','121621','121622','121625','121628','121629','121630','121633',
                            '121635','121640','121642','121650','121659','121661','121662','121663',
                            '121664','121665','121666','121667','121668','121680','121681','121685',
                            '121690','121697','121711','121731','121732','121790','121791','121799',
                            '121800','121801','121802','121803','121804','121808','121810','121815',
                            '121817','121822','121827','121830','121848','121870','122020','122021',
                            '122022','122023','122100','122200','122300','122307','122308','122309',
                            '122311','122313','122330','122331','122338','122341','122342','122380',
                            '122400','122404','122410','122420','122421','122422','122500','122502',
                            '122507','122518','122519','122562','122565','122572','122601','122613',
                            '122620','122621','122701','122702','122745','122746','122750','122778',
                            '122801','122811','122901','122902','122911','122920','122921','122925',
                            '122926','122940','122952','122979','123001','123005','123006','123013',
                            '123020','123021','123027','123028','123031','123032','123034','123037',
                            '123041','123050','123051','123054','123056','123060','123074','123103',
                            '123104','123105','123106','123111','123115','123119','123130','123131',
                            '123134','123142','123144','123145','123146','123172','123200','123203',
                            '123206','123209','123210','123213','123214','123217','123218','123220',
                            '123221','123222','123228','123229','123240','123241','123243','123246',
                            '123253','123259','123270','123280','123283','123290','123310','123351',
                            '123352','123353','123360','123450','123451','123452','123460','123463',
                            '123464','123467','123468','123470','123473','123484','123485','123513',
                            '123514','123540','123546','123548','123553','123557','123560','123572',
                            '123580','123581','123582','123583','123584','123600','123601','123602',
                            '123610','123614','123623','123635','123640','123645','123701','123702',
                            '123703','123704','123706','123713','123720','123760','123770','123825',
                            '123840','123850','123869','124000','124006','124013','124015','124016',
                            '124029','124030','124099','124130','124231','124232','124233','124234',
                            '124235','124239','124261','124264','124265','124279','124300','124306',
                            '124307','124325','124370','124475','124500','124501','124504','124506',
                            '124507','124510','124511','124512','124513','124514','124515','124519',
                            '124521','124528','124530','124558','124559','124570','124571','124573',
                            '124575','124576','124590','124591','124600','124801','124802','126400',
                            '126408','126420','126421','126440','126505','126506','126513','126514',
                            '126523','126545','126548','126556','126560','126572','126582','126589',
                            '126600','126601','126602','126605','126606','126607','127008','128000',
                            '128001','128010','128037','128038','128074','128075','128701','128702',
                            '128704','128710','128721','128722','128723','128724','128725','128726',
                            '128727','128728','128731','128736','128737','128741','128745','128753',
                            '129001','130014','130015','130103', '130123','130124','130501','130505',
                            '130506','130507','130508','130512','130513','130514','130515','130516',
                            '130517','155040','Q50811','Q50813','Q58530')


procedures_exclude_non_nchda <- c('120090','120091','120092','124000','124006','124013','124015','124016',
                                  '124029','124030','124099','124300','124306','124307','124325','124501',
                                  '124506','124590','124591','128001','128010','128037','128038','130103',
                                  '130514','130515','130516','Q50811','Q50813','Q58530')


